


5000/b1/
Epochs: 296
train_loss= 0.9904183      val_loss= 1.0117764
train_acc= [3.3455286  0.20719989 0.08572482 1.9374256  0.28415176 0.5962035
 0.64389586 0.15858088 0.15857671 0.15858033 0.15856789 0.26243967]
val_acc= [ 1.9348526 15.104712   1.1041028  1.3801488  4.3991385  4.6756787
  3.1311157  5.52469    5.5678163  5.5748324  5.359626   2.13247  ]
train_mae= [0.7301633  0.7854004  0.7325754  0.8198172  0.82288677 0.80945545
 0.7692014  0.8018446  0.80184466 0.801846   0.8018381  0.77402335]
Test cost= 0.9768451
Test_acc= [ 3.5841823  2.3980198  1.1041147  1.2694783 26.98878    3.9575899
  3.734629   4.487055   4.5243535  4.528158   4.376074   1.6887946]
Test mae= [0.7051361  0.832284   0.7353504  0.82260054 0.8450879  0.8426825
 0.7926512  0.7762553  0.7762573  0.77625746 0.7762524  0.81417483]

5000/b2/
Epochs: 295
train_loss= 0.98628026      val_loss= 1.0111102
train_acc= [3.4399388  0.3145711  0.09796222 2.4095762  0.2558705  1.2419175
 2.4395132  0.2920987  0.29209733 0.29209712 0.29209307 0.3287044 ]
val_acc= [ 1.8758255  1.5052193  1.5081385  1.8784018 11.258581   2.8540535
  2.4241602  1.7572299  1.7573997  1.7574717  1.7571708  3.5018194]
train_mae= [0.8078366  0.71054715 0.70302606 0.854424   0.83152074 0.7746666
 0.7655618  0.7675858  0.767597   0.7676023  0.76758546 0.7598134 ]
Test cost= 0.98004866
Test_acc= [2.4386494 1.9001963 1.0677505 1.2355059 5.0267043 2.3423347 2.0711017
 2.2847433 2.284052  2.2863607 2.249724  2.633052 ]
Test mae= [0.81179404 0.6931239  0.713723   0.84990466 0.83874905 0.7596302
 0.7576085  0.7608282  0.7608289  0.7607751  0.7607746  0.75407475]

1000/b3/
Epochs: 287
train_loss= 0.98774594      val_loss= 1.075575
train_acc= [1.7985538  0.3156181  0.1367859  3.8059053  0.30116925 2.0632968
 1.0030159  0.23613843 0.23613873 0.23614252 0.2361088  0.42523572]
val_acc= [2.608703   1.2562284  2.5007002  1.1261299  2.750675   1.6179758
 1.2595537  0.75825936 0.75830126 0.75830954 0.75817215 2.8998032 ]
train_mae= [0.76069945 0.6708537  0.7299853  0.7763343  0.80012304 0.6974785
 0.7251323  0.7132726  0.7132845  0.7132761  0.7132729  0.68526614]
Test cost= 0.9780937
Test_acc= [2.2345052 2.0147493 2.4966857 1.0828565 3.190343  2.7899725 1.3444953
 0.8810379 0.8809795 0.8809908 0.8810268 5.0596166]
Test mae= [0.7059729  0.68175966 0.6553483  0.82163066 0.76889575 0.73954767
 0.7486137  0.7033888  0.70338994 0.7033875  0.70339423 0.68235457]

1000/b2/
Epochs: 296
train_loss= 0.987977      val_loss= 0.98478997
train_acc= [3.0160584  0.1510454  0.12536202 1.121653   0.26634544 0.360374
 0.44060296 0.13623434 0.13623638 0.13623685 0.13622409 0.20057602]
val_acc= [2.9873898 1.8286266 2.6136465 1.0676056 5.273891  2.5070007 3.1220112
 1.9545602 1.9554762 1.955235  1.9575379 1.7591621]
train_mae= [0.7615791  0.776375   0.7859717  0.82724726 0.8128266  0.80121255
 0.7994624  0.777151   0.7771634  0.7771625  0.7771587  0.7629514 ]
Test cost= 0.91271776
Test_acc= [4.3358965 1.6381494 1.8065555 1.0725765 2.5868018 2.0676572 2.8386922
 1.4039875 1.4043347 1.404353  1.4033122 1.7711074]
Test mae= [0.70179427 0.7715867  0.64951754 0.78963757 0.77483577 0.8331224
 0.8226805  0.7550484  0.7550446  0.7550495  0.75504273 0.7933063 ]

5000/b3/
Epochs: 304
train_loss= 0.9934056      val_loss= 1.0066963
train_acc= [5.1277213  0.157835   0.09394179 1.513066   0.25746968 0.35116082
 0.3116712  0.15851249 0.15851367 0.15851435 0.15850133 0.19557683]
val_acc= [11.9945135  2.8175309  1.8375634  1.0437924  4.675659   2.5654445
  1.9800472  1.2460665  1.2460357  1.2460285  1.2463623  3.600368 ]
train_mae= [0.815668   0.7604298  0.75174373 0.81537044 0.8355536  0.776601
 0.7782148  0.7932503  0.7932661  0.7932484  0.79323417 0.8144433 ]
Test cost= 0.97881603
Test_acc= [1.6343367 2.8720376 1.13129   1.1347212 3.4496937 2.5960555 1.7950348
 1.2204866 1.2204603 1.2204539 1.2207611 2.1384099]
Test mae= [0.80340236 0.76275265 0.7536078  0.8195979  0.8324413  0.7688401
 0.76739407 0.77656454 0.7765417  0.7765545  0.77653795 0.8001578 ]

3000/b3/
Epochs: 310
train_loss= 0.99039      val_loss= 1.0019572
train_acc= [3.8333502  0.12397809 0.13092278 2.9953213  0.2566408  0.18951343
 0.36432302 0.11369215 0.11369471 0.1136947  0.11368408 0.18038076]
val_acc= [9.890767  3.711892  2.2778323 1.612857  4.788851  3.1730516 8.234298
 1.0973107 1.0973701 1.097352  1.0971122 3.2839165]
train_mae= [0.79018193 0.7929526  0.7600706  0.82872206 0.84783643 0.7745498
 0.7915567  0.8108289  0.81082946 0.81082946 0.81083095 0.75989693]
Test cost= 0.9990623
Test_acc= [1.7586626 2.2192647 4.402473  1.4499788 3.140003  5.2733216 4.4151306
 1.216081  1.2161843 1.2161672 1.2158136 2.2732508]
Test mae= [0.81418145 0.78744924 0.81309664 0.78692096 0.79819745 0.74051213
 0.7976585  0.8618015  0.86180395 0.86180204 0.86180514 0.7462895 ]

3000/b2/
Epochs: 306
train_loss= 0.99381435      val_loss= 1.1299008
train_acc= [5.344343   0.09459377 0.14327666 7.2865195  0.28084606 0.13652137
 0.2264379  0.09167149 0.09167333 0.09167323 0.0916647  0.10849475]
val_acc= [ 1.8853009  2.4927914 35.46621    2.301001  14.046879   1.6728995
  1.5903322  0.9987634  0.9989434  0.9989271  0.9980925  3.4622781]
train_mae= [0.7724435  0.79986155 0.7990233  0.8474916  0.87202    0.7737623
 0.80437934 0.8163239  0.8163263  0.816325   0.8163259  0.82629675]
Test cost= 1.0375609
Test_acc= [2.700328   0.9477119  1.8770993  1.1733446  4.920258   2.469938
 1.7143126  0.7999695  0.80007523 0.80006474 0.79956406 1.1776111 ]
Test mae= [0.7670402  0.8109275  0.80522627 0.8954775  0.903802   0.78580713
 0.8339268  0.8189766  0.8189762  0.8189775  0.81898504 0.7978644 ]

3000/b1/
Epochs: 304
train_loss= 0.993026      val_loss= 0.9367105
train_acc= [5.266814   0.21640046 0.10797176 2.0291014  0.28359655 0.6764088
 0.39601052 0.19266632 0.19266498 0.19266717 0.19265175 0.21904679]
val_acc= [1.7594055 4.0817685 2.3382528 1.2305369 6.148513  2.8084786 8.739409
 2.314592  2.3140707 2.3140786 2.3147736 4.0801435]
train_mae= [0.8157068  0.8027063  0.71703696 0.81487346 0.826399   0.8179697
 0.78218186 0.8282738  0.82827955 0.82827556 0.82828015 0.8147976 ]
Test cost= 0.9355928
Test_acc= [2.1325266  3.4667664  0.96759176 1.0626644  4.4348917  2.2467258
 2.265778   3.0514688  3.05165    3.0516186  3.051949   8.445873  ]
Test mae= [0.8173368  0.8449232  0.6932609  0.75073755 0.7757923  0.82370913
 0.7707337  0.78785425 0.78785557 0.787855   0.78785396 0.8328287 ]

7000/b1/
Epochs: 311
train_loss= 0.99081165      val_loss= 0.9957539
train_acc= [3.2360744  0.1549579  0.17114452 1.416841   0.30221826 0.29072547
 0.42189604 0.13599518 0.13599753 0.13599797 0.1359831  0.18114452]
val_acc= [1.7096525 4.3673515 2.6345391 1.1103041 4.4725866 2.1476429 6.3365364
 1.8167278 1.8167536 1.8167158 1.8169411 3.6054637]
train_mae= [0.77024156 0.7624036  0.77784103 0.8419378  0.8565685  0.7278503
 0.8082164  0.77951413 0.7795067  0.77949715 0.7794869  0.80901366]
Test cost= 1.0312761
Test_acc= [ 4.4800496  3.3167112  3.850745   1.0876747  8.87203    4.9436
 10.015395   2.1642795  2.162894   2.1630962  2.162931   4.111358 ]
Test mae= [0.7496675  0.7762068  0.7621879  0.85793304 0.86102045 0.7219052
 0.8137867  0.831446   0.83145624 0.83148265 0.8314485  0.81699705]

7000/b2/
Epochs: 291
train_loss= 0.9909874      val_loss= 0.9795281
train_acc= [3.6133807  0.17885259 0.09114577 1.940292   0.29774857 0.33986488
 1.3863965  0.14090514 0.14090429 0.14090627 0.1408926  0.20131877]
val_acc= [2.1203136 1.6301978 0.7962301 1.3580158 5.9152446 4.604217  1.4859791
 1.7887273 1.7888287 1.7888343 1.7885671 1.8681726]
train_mae= [0.79670376 0.74261266 0.7478405  0.82795346 0.82705444 0.75270474
 0.7715124  0.76894736 0.7689562  0.76895076 0.76895165 0.76388896]
Test cost= 1.0025113
Test_acc= [2.3348343 2.5285718 0.9046904 1.0380067 4.017958  2.3367946 1.5010344
 1.4550184 1.454627  1.4546955 1.4545045 4.186059 ]
Test mae= [0.7721559  0.7711445  0.7326394  0.8427808  0.84531784 0.7561656
 0.7845057  0.7677451  0.767748   0.7677481  0.7677427  0.7672795 ]

1000/b1/
Epochs: 303
train_loss= 0.9742246      val_loss= 0.99301356
train_acc= [2.8674328  0.28210548 0.10964209 2.347268   0.2635712  0.7545785
 1.8485799  0.2094675  0.2094706  0.20947063 0.2094522  0.3387153 ]
val_acc= [3.870363  3.7061677 0.7914659 1.3772991 4.5269594 1.4516906 6.9090095
 1.8770947 1.8770494 1.8770641 1.8772696 1.9731812]
train_mae= [0.7101371  0.83107233 0.71231526 0.8346478  0.841682   0.82155895
 0.81003547 0.82134485 0.8213284  0.8213301  0.82133484 0.79273564]
Test cost= 0.9813041
Test_acc= [ 1.8952966 54.429745   0.939296   1.0121797 12.494641   1.4448751
  5.039135   1.8795716  1.8795     1.8795329  1.8795613  2.2335362]
Test mae= [0.658034   0.80819255 0.7604843  0.7573623  0.82427084 0.8163018
 0.7801774  0.8967883  0.8967871  0.8967821  0.89679366 0.7737588 ]

